175
245
87
13
80
35
20
195
65
75
485
335
50
5
40
20
115
70
50
90
35
30
70
128
117
55
215
510
1
212
197
40
45
70
20
270
35
516
24
35
172
145
113
92
148
190
115
280
50
5
95
5
137
48
40
50
130
50
60
245
95
77
443
8
22
10
20
140
20
15
130
51
109
35
455
45
20
260
50
10
205
35
20
8
42
100
59
66
30
95
140
595
45
5
35
30
110
10
70
70
130
10
25
129
201
615
75
5
40
180
5
50
130
15
70
80
35
175
150
610
41
14
95
80
175
105
115
805
62
3
225
140
245
20
65
40
90
101
279
70
25
25
50
85
5
15
35
122
148
340
66
394
30
15
10
42
8
70
5
40
35
25
6
114
30
35
20
95
3
17
30
215
175
3
127
290
60
5
155
53
40
47
60
8
102
65
35
45
35
775
15
205
5
85
35
40
5
55
62
58
38
42
20
100
165
195
330
55
5
35
255
15
40
10
72
153
160
10
100
610
30
175
225
320
730
95
80
105
145
110
110
245
70
345
15
120
73
87
20
115
15
40
15
125
770
50
5
40
90
85
44
1
20
75
50
125
20
23
12
280
35
40
45
458
12
30
165
20
50
35
110
25
125
90
780
30
30
35
33
32
215
15
70
10
30
300
110
5
520
5
60
60
170
5
20
70
240
20
275
25
50
115
475
88
217
145
310
625
20
295
105
193
292
435
20
105
65
100
105
65
65
70
25
30
210
95
45
445
5
265
2
28
80
60
95
85
15
150
80
80
130
20
170
85
315
190
50
95
10
55
178
82
26
69
85
310
70
6
109
55
85
90
25
5
75
80
40
135
290
85
126
54
180
60
16
101
58
196
5
14
5
173
162
180
580
25
35
45
90
105
230
385
20
347
138
95
55
145
142
113
210
109
101
375
5
30
20
30
160
30
5
40
65
71
9
95
57
28
230
8
77
475
10
5
55
2
88
30
55
5
45
25
40
30
40
195
45
210
20
68
482
6
44
178
2
20
25
115
15
45
10
361
166
453
6
4
20
10
88
17
94
1
20
20
100
10
85
20
25
25
345
70
80
170
235
55
82
78
55
130
125
37
63
70
135
130
235
295
85
10
55
105
130
67
13
235
65
80
195
420
95
82
133
105
45
260
104
161
110
260
10
315
20
265
20
256
559
5
58
2
5
125
65
25
70
20
40
15
115
35
25
50
145
43
139
48
415
5
20
30
15
158
7
85
10
70
65
102
23
45
165
153
447
40
5
20
20
55
70
16
79
20
5
120
20
45
190
185
45
145
365
35
5
80
25
80
20
60
230
10
10
30
330
470
180
14
136
20
70
130
115
25
145
115
205
60
420
75
10
75
350
170
45
155
70
97
158
125
5
60
75
40
105
35
25
100
30
165
240
8
557
45
20
13
107
55
55
15
85
40
40
10
95
330
530
10
25
17
8
90
120
90
115
70
85
800
5
5
20
60
65
60
10
102
3
30
5
55
70
80
875
5
10
40
140
130
10
50
75
25
5
100
3
12
182
73
142
553
15
5
70
20
120
76
124
15
195
125
70
565
120
80
600
570
60
7
55
148
40
165
20
55
75
50
115
650
80
40
75
150
25
30
45
85
35
105
229
531
5
5
60
100
118
2
35
29
96
70
40
50
60
190
585
5
35
110
35
23
17
95
70
55
20
15
30
100
90
165
75
40
455
5
5
45
125
55
85
100
30
120
25
205
150
395
190
60
45
120
20
145
25
60
60
132
241
42
475
100
165
137
105
313
5
95
185
265
45
60
95
20
32
108
35
120
85
30
45
14
174
56
61
40
65
355
25
15
38
117
65
10
2
101
38
44
5
50
75
70
155
45
67
48
90
20
190
170
65
115
55
30
35
20
10
140
30
10
351
124
34
416
5
45
15
40
110
18
32
140
15
85
20
25
45
82
158
152
58
400
45
25
165
55
140
20
255
905
25
9
41
205
20
85
5
30
200
30
140
555
5
20
475
455
95
315
50
25
158
57
70
10
105
15
55
20
60
145
670
80
100
135
75
105
45
35
240
330
295
50
25
120
80
115
28
24
28
80
27
178
65
25
85
510
100
85
45
35
70
95
5
75
10
35
105
25
755
5
45
10
35
185
103
22
50
30
120
5
250
65
82
521
2
25
165
130
55
60
35
45
20
218
165
322
215
105
65
235
30
390
150
360
5
15
10
30
150
15
25
5
30
126
19
20
5
45
120
40
10
135
120
530
20
17
3
80
40
80
12
48
5
35
125
75
125
270
325
160
5
40
5
160
15
50
28
34
93
50
25
30
93
87
85
95
545
5
20
15
10
120
30
22
18
55
85
25
40
85
85
825
5
45
10
5
150
80
65
35
125
65
65
225
645
5
155
28
55
137
20
120
17
218
170
50
50
495
25
25
30
185
100
15
105
118
227
82
368
5
55
125
10
57
33
115
80
25
55
115
10
15
189
556
20
10
95
105
90
58
31
31
80
5
65
70
45
555
178
2
20
30
210
5
20
185
10
10
150
10
200
139
446
5
69
48
23
40
55
5
155
80
5
55
65
40
130
70
100
20
480
10
100
138
42
10
117
78
9
36
30
15
35
40
165
35
90
10
145
55
370
100
335
45
145
155
330
355
815
115
45
10
50
290
60
115
5
110
190
210
230
101
414
5
35
55
32
58
40
20
70
110
30
30
85
40
195
120
30
53
