20
10
10
15
10
15
60
13
20
10
10
20
25
10
30
20
10
15
15
50
45
15
15
10
15
25
10
10
15
10
10
40
10
10
10
15
10
15
10
14
30
40
23
8
50
10
13
10
10
10
20
15
60
30
15
10
10
10
30
15
10
8
10
15
15
10
50
45
15
55
10
39
35
10
20
45
21
15
15
17
25
10
45
10
35
45
15
30
20
45
10
10
10
15
6
60
20
30
20
10
10
10
15
10
10
10
20
10
10
20
15
15
55
10
48
10
30
25
19
8
20
10
13
15
25
60
10
15
29
10
15
20
15
10
10
20
20
10
25
30
10
20
10
30
50
25
10
20
10
20
10
10
10
20
65
15
32
60
45
10
10
17
15
50
50
10
15
17
10
27
30
10
10
30
10
70
10
12
50
70
15
25
10
10
55
35
10
35
15
20
25
45
10
25
25
10
10
10
15
10
10
60
15
40
21
10
20
18
30
8
15
60
60
10
20
10
18
10
10
20
20
10
10
30
30
50
17
25
10
25
35
15
11
10
7
35
15
25
20
40
13
20
10
72
25
60
10
10
10
10
25
10
50
60
17
10
30
10
30
10
45
10
50
10
45
40
10
10
45
10
45
25
25
50
10
15
10
15
12
10
10
10
15
50
20
10
60
10
50
45
7
35
15
10
10
60
10
10
40
10
10
10
20
10
10
10
15
10
15
25
10
15
10
15
10
10
15
15
20
10
15
60
10
10
24
45
50
10
64
10
12
10
15
15
20
10
35
25
7
10
10
10
10
22
19
10
10
10
10
15
10
10
40
10
15
10
10
20
10
20
20
10
20
10
15
65
10
20
8
35
10
10
20
45
15
20
15
10
40
30
10
15
10
65
10
25
10
15
10
50
15
15
10
10
35
70
15
45
54
10
10
10
10
20
25
15
50
35
25
15
30
15
9
40
15
10
10
46
15
10
10
35
15
20
10
15
10
10
10
15
10
10
10
20
10
20
10
25
10
20
15
16
10
60
10
10
10
30
25
50
25
15
30
15
20
40
15
50
10
10
10
10
20
10
62
10
10
20
45
25
10
10
35
15
12
35
8
10
45
10
22
20
10
15
10
15
35
10
20
60
60
35
10
23
10
20
25
7
15
10
10
10
20
60
10
15
10
30
20
10
15
25
9
10
45
15
45
15
10
10
10
10
25
10
8
15
15
10
10
10
10
15
35
50
40
10
8
20
35
15
20
15
60
10
20
25
15
11
20
60
10
10
10
20
10
10
20
30
45
30
15
40
20
15
40
10
30
25
45
15
45
35
20
10
40
15
10
15
70
20
20
43
15
60
20
10
15
30
60
50
40
25
19
25
10
40
15
10
18
10
30
10
73
10
10
20
15
10
15
50
55
10
8
18
20
35
25
25
10
10
25
40
15
10
10
25
50
45
15
60
16
15
50
20
10
35
10
16
40
45
10
50
10
15
10
50
10
10
10
15
35
50
65
25
10
10
20
70
10
20
10
15
35
10
10
25
50
63
20
10
30
10
15
10
10
8
20
10
17
10
20
11
25
10
15
8
10
10
10
10
40
10
25
60
14
20
7
15
12
15
10
15
10
60
10
10
10
10
33
15
25
9
35
60
15
25
35
20
60
15
8
10
10
10
10
20
15
10
10
10
10
10
15
40
20
19
16
35
15
10
10
10
10
10
70
30
45
45
20
13
20
10
15
25
10
20
60
10
10
10
10
30
15
16
10
20
10
10
10
20
10
15
10
12
55
20
15
10
60
15
30
20
25
40
30
15
30
10
10
35
45
18
35
25
20
10
10
45
20
50
10
10
31
8
10
30
30
7
10
55
35
10
20
20
15
15
30
15
20
20
10
10
20
20
25
15
15
41
20
45
20
10
7
35
15
15
10
20
40
15
10
8
10
15
20
20
10
15
15
7
11
30
20
25
20
10
30
15
10
10
17
15
10
15
7
15
10
10
13
10
50
27
8
10
10
10
10
15
10
10
25
10
20
45
10
10
15
30
15
10
10
60
20
12
8
15
40
10
20
15
10
10
15
20
30
15
18
10
55
10
20
15
35
15
10
20
15
20
15
10
15
35
23
10
15
20
15
30
15
10
37
10
10
10
10
10
30
10
20
15
35
10
15
10
10
13
30
20
10
10
10
40
10
15
10
6
20
10
25
10
11
10
7
10
35
13
45
32
15
50
20
10
10
10
20
25
15
10
15
35
30
15
10
30
10
15
30
30
10
15
15
15
20
15
25
30
20
40
30
7
15
10
10
10
50
18
10
36
15
15
15
44
10
15
10
10
15
10
10
10
50
50
10
60
15
20
10
10
20
10
10
10
20
20
15
30
9
15
15
34
10
10
7
