40
40
30
60
10
60
20
10
20
30
15
30
20
10
20
15
25
30
10
31
40
35
25
43
25
20
10
30
39
45
6
10
20
50
15
10
20
15
30
25
25
40
40
10
7
10
15
25
40
10
20
35
85
80
65
10
30
10
30
10
10
20
35
45
30
45
15
40
35
40
35
15
30
25
20
25
20
15
50
40
30
40
65
55
20
10
20
15
15
45
15
13
30
60
50
24
25
35
19
30
65
10
35
30
10
15
20
50
40
10
20
75
20
25
30
25
15
30
25
20
35
15
25
25
10
40
10
10
35
25
40
30
40
13
10
20
20
10
20
30
20
15
15
10
10
30
35
15
25
15
25
10
55
10
20
50
30
20
25
25
25
10
30
15
40
30
13
50
45
20
30
60
40
10
10
30
80
25
17
25
25
60
10
45
45
15
10
6
10
10
10
40
30
15
15
10
12
19
15
20
30
10
35
35
19
20
35
20
15
10
15
27
15
20
40
30
25
40
10
85
60
30
42
30
15
10
25
50
30
20
15
30
40
50
30
10
10
25
55
60
10
10
15
20
50
20
30
40
30
20
50
35
10
35
20
30
85
35
44
45
13
50
15
15
20
35
10
10
20
70
50
10
35
15
30
30
45
10
10
25
15
30
30
20
20
40
30
30
35
10
20
20
20
15
8
20
35
42
10
20
15
25
40
20
35
15
25
15
25
20
10
15
15
10
45
35
15
25
15
10
35
35
85
85
25
20
10
15
10
16
15
9
30
25
30
50
30
25
50
20
10
15
20
58
20
10
30
33
57
25
10
80
25
50
60
15
30
30
10
35
10
20
25
30
15
10
10
25
50
10
15
30
29
10
30
30
10
25
25
10
10
30
15
10
30
65
55
25
35
60
28
45
18
12
25
15
20
15
15
15
30
10
30
10
25
30
15
35
40
50
10
15
15
10
20
10
15
30
40
25
60
25
20
35
20
10
20
60
55
30
20
10
20
23
15
15
15
10
27
25
15
50
45
9
10
10
10
40
27
15
15
45
10
13
47
15
20
25
15
10
20
15
25
20
45
10
50
23
10
10
35
20
30
65
60
10
15
10
10
25
20
52
30
20
10
40
13
15
25
20
20
35
15
20
75
10
15
20
15
30
20
40
15
35
35
35
15
10
20
30
9
8
35
15
10
7
6
10
10
10
30
10
45
15
24
50
10
25
10
25
15
7
17
20
30
60
30
10
10
10
20
21
15
20
10
15
65
15
20
10
30
30
10
60
30
35
20
40
10
10
20
15
15
20
10
60
50
20
35
50
30
26
35
10
25
30
15
40
25
10
35
30
64
30
15
35
20
40
28
30
10
15
35
50
50
30
75
15
20
35
20
10
20
10
20
10
50
20
75
20
20
35
25
35
25
15
35
65
45
47
20
15
20
15
35
35
60
55
25
15
40
50
50
25
10
18
35
50
60
15
30
50
20
10
27
15
40
30
45
35
60
35
30
40
55
35
32
35
60
30
10
15
30
15
10
20
81
15
40
30
15
35
40
30
25
10
30
10
85
20
75
10
50
35
20
15
20
25
10
10
30
20
10
15
20
35
32
10
25
15
30
35
20
15
30
45
10
35
10
35
20
55
25
25
30
24
36
55
20
45
35
30
45
35
20
40
10
8
15
35
10
30
40
15
30
40
42
47
60
30
40
15
10
40
20
20
25
15
15
15
25
35
10
20
24
40
10
30
55
10
20
30
35
23
13
20
20
35
15
15
45
35
45
25
15
42
30
17
15
40
30
20
70
30
20
60
70
50
10
20
29
20
10
10
25
45
10
10
15
15
15
25
20
20
20
60
15
30
15
25
40
20
55
10
30
10
10
30
40
51
20
35
22
65
35
75
45
35
15
20
35
10
15
15
45
35
30
20
8
70
15
15
25
25
20
50
15
15
15
35
20
30
25
25
70
25
30
30
55
20
40
10
39
30
20
20
35
20
40
30
20
30
15
10
15
45
10
15
25
15
35
25
20
21
28
28
15
20
30
20
20
30
80
13
15
25
13
20
35
30
15
55
53
45
30
10
15
15
40
15
20
60
50
39
30
10
40
20
50
20
20
25
20
30
45
20
20
10
10
70
20
10
25
45
45
45
30
10
15
25
40
25
10
23
85
25
14
60
25
10
30
15
45
15
35
20
80
45
80
50
8
50
15
20
15
35
20
10
20
20
15
25
20
20
15
20
25
30
12
10
15
20
20
25
30
50
15
25
50
20
15
30
15
25
30
15
30
10
50
75
35
30
20
10
30
10
35
22
20
65
10
30
30
30
20
10
30
15
15
15
30
40
10
23
20
25
15
20
40
80
60
20
10
30
20
70
10
30
19
25
30
9
30
25
50
26
30
20
15
10
35
15
10
25
15
10
10
15
30
15
35
50
15
55
10
30
65
10
20
30
70
30
10
88
20
85
15
20
15
10
