188
7
63
200
10
65
20
30
75
61
9
30
42
55
51
150
56
60
70
420
150
50
300
107
70
51
75
85
40
363
230
91
38
15
140
50
20
35
77
147
55
30
70
77
133
25
105
60
50
220
15
30
53
135
85
120
85
70
170
20
90
55
50
50
85
217
30
65
35
195
130
60
75
10
137
45
30
65
73
200
120
45
155
60
83
145
264
117
40
72
90
170
260
150
300
54
54
55
30
25
35
25
75
37
230
246
25
30
120
41
90
50
10
30
204
144
160
42
232
8
55
175
15
115
25
70
45
130
6
6
60
150
30
10
120
45
50
10
50
200
35
20
86
30
225
45
160
84
115
62
90
40
35
190
10
182
20
50
125
52
65
95
80
20
85
60
55
80
36
75
85
121
200
103
70
165
235
60
41
84
10
70
232
46
35
25
111
270
15
90
115
150
15
20
195
10
17
40
136
47
90
70
20
15
145
146
104
33
160
165
40
100
70
210
52
31
80
320
25
105
55
20
45
130
130
20
60
320
35
50
80
40
13
20
215
95
85
170
47
90
45
130
30
60
125
40
115
55
22
120
105
60
95
50
85
50
20
10
95
20
70
130
60
200
70
330
70
100
260
237
130
25
62
155
445
65
120
183
125
30
240
240
241
162
259
65
155
55
135
80
100
130
40
50
203
290
62
20
100
60
180
65
30
65
15
25
35
255
49
160
20
55
70
226
35
15
35
30
60
20
60
140
120
56
75
140
39
8
10
80
300
135
30
22
55
175
308
249
56
20
65
60
135
190
75
10
55
30
7
85
55
255
42
75
240
110
122
40
39
30
53
70
115
90
35
34
97
90
224
85
138
35
220
55
30
120
30
29
23
69
55
58
47
80
130
94
50
30
103
127
86
109
89
52
193
174
110
120
25
10
220
94
35
60
25
145
79
90
150
30
60
55
90
320
32
140
155
40
160
145
46
310
85
95
35
35
55
100
30
30
115
30
30
225
40
111
130
10
40
190
120
30
113
110
300
30
45
65
14
25
95
200
155
20
70
226
90
50
106
69
10
35
24
31
34
90
29
313
25
255
220
70
45
135
60
35
23
