12
60
100
25
52
140
10
10
16
50
122
55
15
80
20
186
15
30
55
15
195
15
97
95
29
10
60
115
51
70
35
155
30
10
19
33
40
150
58
8
35
10
30
40
10
10
120
15
25
10
10
20
10
58
20
30
28
138
55
181
37
10
12
85
40
195
75
105
127
47
150
40
152
152
10
15
240
35
70
50
25
52
40
28
70
32
94
35
25
100
10
240
115
138
118
55
115
43
30
205
10
25
40
191
100
135
170
25
15
45
165
110
25
50
30
45
92
60
15
50
50
150
40
41
45
20
20
45
50
74
16
20
120
144
26
45
40
50
85
30
15
130
40
30
90
61
15
60
188
45
10
15
20
30
15
95
25
25
210
100
205
20
33
195
145
30
15
53
90
20
35
15
17
64
15
41
80
60
40
80
55
45
95
120
25
30
25
69
25
10
105
75
25
165
30
15
85
20
160
90
135
15
52
50
70
45
40
25
30
30
115
100
15
60
80
9
30
180
35
70
50
15
115
10
35
31
35
8
25
120
10
20
129
8
30
20
15
55
70
105
23
50
135
40
87
60
15
30
100
15
10
25
9
40
20
40
62
25
60
34
71
20
10
59
15
39
30
74
180
15
50
15
15
120
53
10
140
180
16
12
55
162
134
67
65
25
155
103
19
30
12
57
70
15
25
62
10
48
90
75
15
130
80
20
30
90
65
50
10
185
120
70
79
130
9
51
45
35
225
10
10
10
229
75
10
105
115
105
130
25
62
41
52
96
30
30
55
49
28
35
170
45
8
60
90
7
20
34
85
35
35
151
80
65
25
40
10
40
150
20
15
90
29
84
30
20
20
22
60
10
55
6
131
25
50
60
