10
10
57
10
10
10
10
10
10
10
10
10
10
8
10
10
8
12
10
10
10
10
10
10
10
10
10
10
10
10
10
10
10
20
40
10
10
10
60
9
10
10
10
61
10
10
10
20
10
20
10
20
10
20
10
10
10
10
25
10
10
10
10
10
75
10
10
10
10
10
10
10
13
10
10
10
10
10
15
8
10
25
10
11
15
10
31
65
10
6
10
10
10
15
10
7
10
10
10
10
10
10
10
10
10
10
10
10
10
10
10
20
10
10
50
25
10
68
10
10
10
10
10
10
10
10
10
80
10
10
10
10
10
8
30
10
10
10
10
10
10
78
10
10
10
10
10
10
30
10
10
10
10
10
10
40
59
50
30
10
10
38
38
10
10
10
10
10
10
10
10
10
10
10
30
10
16
10
8
10
10
10
10
10
16
10
15
10
10
10
10
10
30
10
12
20
10
20
11
10
10
10
10
20
10
10
10
10
10
10
23
79
10
30
40
30
10
10
10
10
10
10
45
10
10
21
10
10
14
15
10
15
10
10
10
10
10
10
10
10
10
10
10
10
10
10
30
60
10
10
10
10
10
10
10
80
10
10
10
10
10
10
10
10
10
10
10
10
83
10
10
10
20
10
10
10
10
10
10
10
10
10
10
10
10
10
10
10
10
10
10
10
25
10
10
10
10
10
10
10
10
10
10
10
10
20
35
10
15
10
10
10
10
25
10
10
10
10
10
10
10
10
10
20
10
10
30
10
40
10
10
10
10
10
15
10
10
30
62
10
10
10
10
10
10
60
10
9
10
40
10
10
10
10
10
10
10
27
30
10
10
10
10
10
10
10
10
20
20
10
25
10
25
10
10
10
10
10
10
50
10
7
10
19
10
10
45
10
10
25
10
10
10
10
20
10
10
10
10
45
10
10
10
10
10
10
10
10
10
10
10
40
10
10
10
15
10
40
20
10
10
30
27
10
10
10
10
10
10
76
10
10
10
10
10
20
7
10
10
15
10
18
11
10
74
10
10
10
10
10
10
10
7
10
10
10
10
10
10
75
10
10
10
10
10
15
10
15
11
15
60
25
10
10
10
10
10
10
10
15
10
10
10
10
10
65
10
10
20
10
10
10
10
10
35
10
30
10
28
10
10
10
20
10
10
20
20
10
15
10
10
10
10
16
10
10
10
10
15
10
18
10
10
10
10
10
10
20
10
10
10
15
10
10
10
10
10
10
10
20
9
10
10
10
10
10
10
10
10
10
10
10
10
10
10
10
10
10
10
15
13
6
6
15
6
11
10
10
15
10
49
30
10
10
10
10
10
69
10
30
10
10
10
10
15
10
10
10
10
10
10
15
10
85
20
10
10
10
10
10
20
10
10
10
10
10
10
25
62
10
10
15
10
10
10
29
10
10
10
10
50
40
58
10
20
15
10
10
10
10
6
16
10
15
10
10
10
10
10
10
10
20
10
10
10
15
20
10
10
10
10
10
10
10
30
25
10
10
10
10
10
10
10
10
10
10
25
10
6
10
10
10
10
45
20
10
10
10
40
19
10
35
10
7
22
10
10
36
10
20
10
10
10
15
10
10
15
10
10
10
25
25
10
35
10
10
10
10
10
6
10
20
15
25
10
10
10
10
10
20
10
13
10
10
10
10
10
10
10
10
10
20
10
25
10
10
10
10
10
10
10
20
10
10
25
10
10
10
10
10
10
10
25
10
10
25
20
10
73
20
10
10
6
70
15
10
12
10
10
10
10
30
7
10
25
10
17
10
31
15
17
10
10
10
10
10
10
10
10
10
6
10
10
10
10
6
26
13
10
10
66
15
10
10
10
20
10
79
30
10
10
10
30
75
17
10
10
15
10
10
10
10
10
10
65
10
10
10
10
10
15
15
10
10
10
10
10
25
75
35
10
10
7
30
10
10
45
10
27
15
27
10
20
10
10
10
10
10
10
10
10
30
10
20
10
10
24
10
10
10
10
10
10
16
10
10
10
10
10
35
15
30
10
10
10
10
10
10
10
10
10
10
10
20
70
18
10
10
10
10
10
10
20
10
10
10
10
10
10
10
10
10
10
17
10
10
10
35
10
20
10
10
10
10
9
10
11
10
15
10
10
10
10
10
10
10
10
10
6
10
10
10
10
41
10
10
45
10
10
10
10
10
10
10
10
10
10
10
