150
74
10
50
85
155
139
112
170
115
85
55
50
94
87
380
118
185
80
58
120
105
35
70
135
10
70
90
60
60
105
130
90
120
25
64
120
50
87
140
15
37
33
125
65
105
130
195
290
87
86
150
140
40
251
135
70
44
120
61
100
11
20
34
82
70
105
230
150
131
20
36
150
75
60
40
30
127
381
70
105
95
80
125
165
155
121
80
195
85
105
120
40
80
195
45
85
60
62
83
110
210
180
130
105
105
60
150
85
30
45
56
280
84
112
141
45
122
60
90
140
145
50
265
40
105
40
12
30
40
95
113
9
24
120
30
255
75
30
60
115
64
140
120
26
95
105
110
115
178
115
235
145
88
35
99
27
40
55
10
75
150
165
183
10
34
180
120
140
317
130
14
91
30
230
125
122
85
103
120
15
120
45
120
150
180
50
178
50
70
355
355
99
135
160
115
50
40
110
123
69
120
170
160
65
100
84
140
190
90
10
72
236
90
40
100
30
90
130
93
25
45
185
88
120
15
130
58
45
129
105
108
175
62
104
250
75
130
10
150
160
55
82
115
130
163
10
205
125
130
50
141
50
84
120
410
30
150
90
175
100
186
140
215
12
100
80
50
12
135
105
35
64
40
135
25
50
107
55
40
58
215
50
83
95
90
30
30
150
50
95
50
150
23
190
185
70
120
45
125
45
125
130
30
147
27
195
39
230
250
160
140
110
66
75
65
145
45
130
155
30
90
65
150
210
270
100
80
40
338
120
165
110
33
81
120
85
47
84
10
140
121
180
130
70
78
125
132
50
135
240
104
51
35
112
165
175
20
53
90
145
45
150
180
85
120
53
230
40
35
45
45
25
35
119
170
70
42
168
10
35
105
180
150
55
110
320
352
30
90
100
55
50
125
60
265
48
120
25
145
70
80
31
46
205
75
102
28
73
105
30
132
105
